9 0
10 0
11 0
12 0
13 0
7 1
8 1
9 1
10 1
11 1
6 2
7 2
8 2
9 2
10 2
5 3
6 3
7 3
8 3
9 3
4 4
5 4
6 4
7 4
8 4
9 4
3 5
4 5
5 5
6 5
7 5
8 5
9 5
10 5
2 6
3 6
4 6
5 6
6 6
7 6
8 6
9 6
10 6
11 6
2 7
4 7
5 7
6 7
7 7
8 7
9 7
10 7
11 7
4 8
5 8
6 8
7 8
8 8
9 8
10 8
11 8
12 8
3 9
4 9
5 9
6 9
7 9
8 9
9 9
10 9
11 9
12 9
13 9
1 10
2 10
3 10
4 10
5 10
6 10
7 10
8 10
9 10
10 10
11 10
12 10
13 10
14 10
15 10
16 10
17 10
18 10
19 10
0 11
5 11
6 11
7 11
8 11
9 11
10 11
11 11
12 11
13 11
14 11
15 11
16 11
17 11
18 11
19 11
20 11
6 12
7 12
8 12
9 12
10 12
11 12
12 12
13 12
14 12
15 12
16 12
17 12
18 12
20 12
8 13
9 13
10 13
11 13
12 13
13 13
14 13
15 13
16 13
17 13
18 13
19 13
20 13
11 14
14 14
15 14
16 14
17 14
18 14
19 14
20 14
10 15
11 15
14 15
14 16
14 17
16 15
17 15
18 15
19 15
20 15
16 17
17 17
18 17
19 17
20 17
16 16
17 16
18 16
19 16
20 16
16 18
17 18
18 18
19 18
20 18
16 19
17 19
18 19
19 19
8 0
0 10

